0	0	368
0   30  368
0   60  368
0   90  368
0   120 368
0   150 368
0   180 368
0   210 368
0   240 368
0   270 368
0   300 368
0   330 368
0   360 368
10	0	367
10	30	365
10	60	368
10	90	367
10	120	366
10	150	366
10	180	367
10	210	369
10	240	365
10	270	367
10	300	369
10	330	365
10  360 368
20  360 365
20	0	365
20	330	364
20	300	366
20	270	366
20	240	367
20	210	368
20	180	364
20	150	367
20	120	366
20	90	368
20	60	367
20	30	369
30	0	366
30	30	368
30	60	372
30	90	368
30	120	365
30	150	363
30	180	362
30	210	365
30	240	366
30	270	367
30	300	366
30	330	363
30  360 366
40  360 364
40	0	364
40	330	359
40	300	360
40	270	365
40	240	368
40	210	365
40	180	358
40	150	357
40	120	365
40	90	369
40	60	371
40	30	369
50  360 363
50	0	363
50	30	366
50	60	369
50	90	371
50	120	363
50	150	354
50	180	356
50	210	362
50	240	366
50	270	362
50	300	356
50	330	357
60  360 362
60	0	362
60	330	356
60	300	358
60	270	364
60	240	369
60	210	366
60	180	355
60	150	353
60	120	361
60	90	366
60	60	366
60	30	366
70  360 365
70	0	365
70	30	372
70	60	373
70	90	372
70	120	365
70	150	352
70	180	356
70	210	366
70	240	369
70	270	368
70	300	358
70	330	355
80  360 360
80	0	360
80	330	348
80	300	355
80	270	368
80	240	368
80	210	364
80	180	355
80	150	348
80	120	357
80	90	368
80	60	366
80	30	365
90  360 365
90	0	365
90	30	372
90	60	369
90	90	372
90	120	363
90	150	343
90	180	362
90	210	369
90	240	372
90	270	372
90	300	361
90	330	345
100 360 366
100	0	366
100	330	341
100	300	365
100	270	377
100	240	372
100	210	373
100	180	367
100	150	346
100	120	364
100	90	376
100	60	374
100	30	375
110 360 362
110	0	362
110	30	371
110	60	373
110	90	371
110	120	360
110	150	350
110	180	368
110	210	373
110	240	373
110	270	376
110	300	365
110	330	348
120 360 356
120	0	356
120	330	347
120	300	363
120	270	370
120	240	373
120	210	369
120	180	364
120	150	349
120	120	356
120	90	363
120	60	367
120	30	366

